100 308
4 27 55 97 98 
5 3 10 63 75 99 
1 52 
5 1 16 43 81 84 
1 47 
7 17 29 40 67 73 82 91 
3 17 68 94 
3 37 38 94 
2 68 79 
2 23 51 
5 1 16 49 50 79 
4 30 57 70 95 
5 38 43 61 64 71 
2 87 97 
3 48 52 69 
4 22 40 55 56 
3 3 10 46 
3 5 6 25 
2 57 86 
3 22 61 73 
2 62 82 
2 25 47 
3 15 19 57 
5 9 25 58 59 76 
1 52 
4 17 21 23 31 
4 28 69 74 90 
1 0 
2 26 69 
2 5 48 
2 11 92 
1 25 
1 38 
2 38 72 
1 85 
3 36 52 75 
7 35 50 53 68 82 91 93 
4 7 88 91 94 
7 7 12 32 33 39 43 64 
1 38 
4 5 15 47 75 
2 63 83 
6 45 50 52 56 60 66 
5 3 12 38 44 51 
1 43 
3 42 52 56 
3 16 64 90 
3 4 21 40 
2 14 29 
2 10 61 
5 10 36 42 83 94 
2 9 43 
6 2 14 24 35 42 45 
5 36 65 69 80 98 
1 60 
5 0 15 64 80 86 
4 15 42 45 72 
5 11 18 22 67 98 
4 23 70 89 97 
1 23 
3 42 54 82 
3 12 19 49 
3 20 68 90 
2 1 41 
4 12 38 46 55 
4 53 67 70 85 
1 42 
5 5 57 65 74 83 
4 6 8 36 62 
4 14 26 28 53 
4 11 58 65 85 
1 12 
2 33 56 
4 5 19 87 96 
2 26 67 
4 1 35 40 89 
1 23 
2 90 92 
0 
2 8 10 
5 53 55 81 91 94 
3 3 80 86 
4 5 20 36 60 
4 41 50 67 84 
4 3 83 95 96 
4 34 65 70 96 
3 18 55 81 
2 13 73 
1 37 
2 58 75 
5 26 46 62 77 91 
5 5 36 37 80 90 
2 30 77 
1 36 
5 6 7 37 50 80 
2 11 84 
3 73 84 85 
3 0 13 58 
3 0 53 57 
1 1 
