1000 3834
1 547 
2 707 752 
4 44 276 704 838 
4 210 280 431 992 
2 382 717 
6 92 93 231 296 380 571 
3 420 779 963 
1 553 
7 103 262 264 550 606 755 958 
4 502 522 892 933 
3 226 291 834 
6 41 90 222 572 654 890 
4 385 794 862 901 
4 529 541 594 784 
2 96 654 
7 94 402 481 667 796 843 888 
8 140 255 320 459 463 715 932 995 
4 301 313 404 578 
5 86 270 313 389 697 
5 120 251 253 797 998 
5 173 247 422 500 602 
5 92 247 367 715 877 
3 153 699 796 
9 80 169 244 366 453 488 635 643 956 
5 296 686 689 707 769 
8 220 280 350 415 468 506 542 777 
1 270 
3 104 455 985 
5 99 156 292 487 614 
4 239 278 504 898 
3 98 671 707 
3 126 726 767 
7 57 75 77 250 529 622 637 
4 107 242 297 521 
6 148 364 447 577 782 856 
6 170 179 454 465 519 600 
1 247 
4 74 151 465 754 
3 471 486 491 
1 392 
1 381 
6 11 134 141 491 710 847 
7 93 150 162 196 422 476 941 
3 747 815 829 
7 2 212 292 307 383 946 964 
3 297 329 673 
5 147 508 615 643 771 
7 61 388 410 418 515 596 747 
1 333 
6 186 225 310 374 445 675 
3 556 599 761 
3 250 515 864 
4 446 591 696 931 
3 379 496 548 
2 133 183 
2 289 839 
9 68 252 430 431 572 584 783 793 962 
4 32 259 277 720 
2 380 510 
8 98 123 258 300 346 516 623 968 
3 223 506 655 
3 47 252 492 
2 297 667 
2 330 857 
2 596 622 
5 302 327 406 712 880 
4 242 386 609 745 
4 100 402 767 816 
6 56 120 413 432 762 779 
2 100 225 
5 213 534 567 672 816 
1 622 
5 147 223 629 697 856 
5 409 456 508 514 689 
3 37 153 847 
5 32 135 463 877 900 
6 205 521 670 732 799 814 
4 32 843 932 981 
5 117 423 429 997 998 
5 149 172 278 516 794 
5 23 511 533 635 733 
1 585 
4 183 462 577 608 
2 354 785 
2 574 682 
5 201 624 706 832 849 
4 18 264 348 502 
3 206 495 526 
1 672 
3 109 320 731 
5 11 235 395 448 921 
2 105 730 
9 5 21 98 229 433 602 701 745 890 
2 5 42 
5 15 109 300 426 657 
1 625 
7 14 116 460 498 527 868 967 
1 581 
6 30 59 92 426 618 668 
3 28 414 586 
2 67 69 
5 217 473 864 882 916 
0 
6 8 190 413 587 617 854 
3 27 528 533 
7 91 362 466 854 912 962 999 
6 228 286 432 892 908 953 
6 33 238 614 741 896 981 
3 177 213 837 
10 89 94 155 267 359 423 449 670 817 931 
5 212 294 542 702 867 
3 742 863 990 
3 537 550 659 
3 130 243 845 
2 626 867 
9 240 256 384 592 650 852 890 915 975 
5 96 126 384 458 936 
2 78 469 
1 844 
4 270 445 588 828 
6 19 68 144 623 766 807 
3 390 739 972 
4 202 713 767 871 
4 59 131 538 897 
0 
4 223 293 402 536 
7 31 116 214 472 638 650 666 
2 365 700 
3 455 659 947 
4 547 576 812 892 
6 113 290 536 603 636 693 
3 123 556 965 
4 349 479 698 794 
3 54 745 811 
4 41 173 863 922 
6 75 136 225 528 672 954 
3 135 380 971 
1 265 
7 185 247 384 454 767 807 898 
2 303 629 
3 16 186 245 
2 41 420 
1 693 
7 196 254 328 466 571 706 905 
8 120 166 190 354 414 575 864 981 
5 161 324 371 472 655 
3 172 443 839 
3 46 72 659 
5 34 240 433 551 925 
5 79 182 391 406 695 
5 42 153 519 789 797 
3 37 821 930 
3 249 428 865 
6 22 74 150 198 285 707 
3 162 550 840 
2 109 849 
2 28 486 
2 378 937 
2 360 618 
4 496 573 943 995 
4 605 631 878 972 
3 145 263 311 
3 42 154 430 
2 512 714 
2 196 468 
4 241 361 404 662 
3 144 273 296 
0 
8 262 306 370 495 499 631 719 751 
5 23 450 537 726 911 
5 35 181 268 581 609 
6 417 558 597 655 685 763 
6 79 146 233 554 682 989 
3 20 134 282 
2 535 900 
2 493 547 
2 264 803 
3 108 314 371 
6 535 625 709 793 916 968 
3 35 296 606 
3 598 715 761 
12 170 227 241 458 569 585 653 678 711 713 855 901 
2 149 196 
4 54 82 246 609 
2 610 645 
4 138 211 639 990 
6 49 140 194 585 588 807 
3 345 481 812 
4 476 609 796 958 
4 196 410 579 709 
5 103 144 219 802 980 
1 194 
1 805 
2 612 710 
3 186 191 890 
3 208 409 733 
9 42 143 164 182 189 453 542 738 826 
2 547 737 
5 153 347 528 580 722 
2 881 912 
7 286 420 614 666 708 806 807 
4 85 266 282 328 
3 122 515 524 
3 212 891 969 
3 366 483 944 
2 76 258 
7 87 235 395 596 679 691 871 
2 367 593 
3 195 594 765 
0 
1 3 
3 185 753 763 
5 44 110 203 335 839 
5 70 108 637 855 997 
2 126 856 
1 986 
5 243 349 681 951 980 
4 101 224 245 445 
3 279 636 830 
7 190 586 847 890 912 933 961 
5 25 322 429 644 733 
3 750 792 829 
4 11 252 683 942 
5 60 72 125 267 279 
6 217 439 605 764 893 968 
7 49 69 135 480 498 512 642 
5 10 262 327 355 997 
2 181 722 
4 106 352 811 838 
1 92 
5 248 363 395 459 953 
5 5 273 671 685 687 
2 394 397 
7 172 390 429 714 725 844 909 
2 750 835 
3 90 206 664 
3 362 634 720 
2 251 437 
7 107 541 618 635 771 915 935 
3 29 688 984 
5 115 148 381 561 761 
9 165 181 285 355 364 709 864 866 880 
3 33 66 420 
4 113 216 550 933 
8 23 272 528 537 592 783 793 829 
2 140 217 
6 183 641 717 723 775 791 
9 20 21 36 138 260 679 707 810 898 
2 230 911 
2 152 698 
4 32 51 440 477 
4 19 237 556 945 
5 56 61 222 264 505 
7 19 270 474 741 859 971 976 
4 143 271 461 615 
3 16 365 494 
3 115 308 986 
3 297 452 629 
5 59 205 262 431 929 
3 57 536 637 
1 247 
2 635 695 
10 8 168 226 258 335 397 412 523 605 988 
3 161 389 777 
6 8 86 176 252 299 535 
5 137 315 318 540 551 
7 201 572 643 655 773 829 986 
3 109 223 642 
2 170 385 
6 383 456 523 571 614 970 
8 18 26 119 253 497 589 752 951 
5 254 316 426 890 988 
4 244 274 555 846 
4 166 231 313 665 
5 272 569 653 682 783 
3 419 549 840 
2 2 371 
5 57 408 477 923 984 
3 29 79 400 
7 218 223 341 438 492 528 649 
4 3 25 809 850 
3 375 641 649 
6 173 201 351 794 919 924 
2 605 864 
2 624 696 
7 153 241 345 352 385 409 543 
3 106 200 798 
3 495 723 903 
3 491 900 947 
1 55 
3 130 536 564 
5 10 540 578 588 806 
5 28 44 506 632 942 
5 125 298 666 884 973 
3 110 555 879 
1 565 
5 5 24 166 179 546 
5 33 45 62 257 428 
3 293 304 589 
2 264 431 
6 59 94 519 587 622 696 
7 17 387 568 662 677 736 954 
1 65 
8 139 490 507 805 813 823 884 909 
2 298 510 
2 838 872 
3 168 429 626 
2 44 389 
6 256 324 404 652 683 778 
2 313 883 
3 49 578 976 
2 161 467 
3 652 675 691 
6 17 18 273 309 536 886 
2 177 609 
4 265 609 895 991 
4 271 497 580 991 
6 339 403 724 857 963 972 
5 265 381 487 671 945 
3 328 636 697 
3 16 89 392 
0 
6 220 397 610 702 932 973 
1 944 
6 145 308 386 537 552 716 
6 355 403 497 507 513 578 
3 359 397 450 
4 65 226 899 982 
4 143 201 319 775 
1 45 
3 63 774 882 
4 344 614 641 688 
0 
3 48 688 809 
1 798 
5 212 262 509 611 840 
3 396 410 829 
0 
0 
2 317 462 
1 441 
5 279 708 888 954 981 
2 361 508 
1 750 
3 331 375 431 
4 187 285 441 769 
5 59 467 577 621 947 
3 198 529 711 
2 86 741 
4 132 216 442 655 
5 25 353 382 419 684 
3 282 816 924 
4 228 285 505 601 
3 350 756 923 
7 83 144 549 712 807 895 972 
8 226 241 325 526 539 572 723 907 
2 357 513 
4 356 634 876 930 
0 
2 109 326 
4 158 517 832 991 
6 165 342 437 545 711 806 
4 105 236 805 818 
3 230 449 942 
6 34 241 416 718 738 922 
2 127 255 
5 23 204 621 712 788 
7 21 207 496 504 723 861 893 
4 411 793 908 982 
2 542 952 
3 168 442 870 
5 145 177 276 423 433 
2 577 589 
5 440 670 846 878 895 
3 49 404 670 
5 281 344 666 789 951 
2 397 645 
2 605 723 
3 157 716 993 
2 53 430 
4 5 58 136 538 
4 40 240 318 747 
4 4 350 411 528 
4 44 269 800 900 
5 115 116 138 647 908 
3 12 268 285 
4 66 324 413 602 
2 301 743 
4 47 520 581 612 
4 18 263 307 500 
5 121 233 396 437 550 
5 149 516 649 807 878 
7 39 320 566 632 659 673 729 
4 710 817 851 978 
2 232 853 
5 90 206 230 966 983 
4 336 390 831 910 
8 232 262 322 326 376 630 645 671 
2 781 812 
1 560 
1 278 
2 837 855 
5 15 67 125 454 724 
4 317 325 629 911 
7 17 165 308 374 454 695 730 
1 775 
2 65 149 
2 478 714 
2 277 759 
8 73 195 285 426 619 644 883 917 
5 47 189 336 495 656 
3 368 382 833 
2 262 816 
5 68 103 386 455 962 
4 99 144 968 991 
2 25 967 
3 364 543 884 
2 171 465 
1 47 
2 275 350 
6 6 141 200 242 721 821 
4 556 562 638 823 
5 20 42 602 741 860 
4 78 109 371 977 
4 578 656 787 820 
1 670 
6 94 98 271 409 821 918 
2 727 845 
4 152 297 930 997 
10 78 220 233 306 493 513 686 695 767 978 
4 56 162 379 508 
10 3 56 258 299 344 539 810 956 964 971 
2 68 106 
5 92 148 371 690 734 
3 527 911 915 
1 886 
3 544 800 915 
4 237 361 390 844 
3 279 654 886 
4 224 900 915 977 
4 250 373 477 884 
5 340 345 486 643 838 
3 349 370 752 
2 146 523 
1 703 
5 49 119 217 759 975 
4 52 785 852 949 
5 34 453 561 677 884 
3 90 770 942 
5 109 363 657 711 914 
6 169 326 585 706 913 991 
0 
3 257 531 669 
6 23 196 447 699 772 936 
5 35 138 402 404 911 
7 27 128 413 556 572 714 800 
3 73 269 748 
6 521 554 685 708 709 923 
4 116 181 677 816 
5 16 230 599 825 918 
3 96 526 566 
3 254 601 633 
4 82 339 528 701 
4 16 75 797 938 
0 
5 35 37 417 639 894 
5 105 143 610 833 911 
3 311 346 575 
5 25 164 862 926 977 
3 117 644 981 
4 751 757 759 877 
3 38 532 639 
2 126 145 
2 101 807 
4 253 530 555 781 
4 508 665 821 846 
4 42 188 831 984 
5 250 277 440 868 950 
5 407 591 892 934 939 
1 132 
2 225 819 
5 15 187 738 768 869 
1 816 
2 204 827 
2 678 812 
2 569 744 
5 38 156 441 546 587 
8 28 318 505 536 553 558 785 860 
5 23 537 697 832 890 
1 744 
1 303 
4 38 41 288 495 
6 61 279 599 881 917 945 
3 175 429 725 
2 255 561 
5 87 168 287 410 491 
5 53 159 367 798 891 
7 270 316 325 710 745 785 918 
6 96 225 631 727 896 934 
3 168 526 825 
3 20 389 710 
1 793 
2 9 86 
6 509 555 667 694 749 806 
5 29 367 635 771 833 
6 252 352 487 524 981 997 
3 25 60 292 
4 303 325 587 819 
7 46 73 342 430 475 575 761 
3 335 503 972 
4 58 304 719 736 
3 80 544 608 
3 163 225 756 
4 325 356 429 850 
2 73 549 
5 47 51 202 655 964 
6 59 79 391 773 859 980 
4 360 688 791 924 
0 
4 35 150 300 661 
4 388 628 711 873 
3 33 76 457 
2 9 860 
6 262 269 443 599 658 659 
4 202 505 768 989 
1 879 
6 87 355 460 499 581 736 
7 96 434 545 623 650 711 874 
7 104 135 198 244 279 382 462 
3 13 32 347 
2 474 761 
1 452 
1 471 
5 80 104 661 743 756 
1 70 
4 174 178 264 918 
9 125 130 259 290 313 487 702 879 894 
5 112 169 244 324 488 
4 123 380 696 774 
4 355 431 631 846 
4 265 291 946 958 
8 13 238 564 573 584 758 840 975 
5 25 110 196 369 880 
4 285 416 875 956 
5 436 511 547 606 726 
5 361 527 897 913 979 
5 296 486 691 869 914 
6 0 129 175 197 544 575 
1 53 
3 275 354 514 
6 8 112 154 243 390 658 
2 148 265 
3 324 835 962 
3 7 487 815 
4 172 457 700 965 
4 272 294 474 503 
8 50 131 251 421 455 679 687 810 
3 569 690 841 
5 171 487 722 751 869 
2 638 832 
1 399 
7 240 447 494 602 696 748 858 
3 421 574 792 
1 646 
5 290 541 818 941 955 
2 295 636 
3 392 460 879 
1 70 
2 301 747 
5 181 274 485 557 782 
1 729 
3 5 143 269 
6 11 56 266 355 455 734 
3 159 541 845 
3 84 562 708 
4 144 467 508 547 
3 129 685 957 
6 34 82 346 372 594 780 
6 17 291 310 325 424 656 
6 189 780 833 885 963 965 
5 198 316 664 704 941 
7 97 170 388 526 788 924 990 
2 784 884 
0 
6 56 541 735 749 815 861 
6 81 181 186 450 699 719 
3 99 219 669 
6 103 300 486 507 623 749 
5 119 186 291 865 920 
6 270 298 372 636 669 807 
1 596 
3 52 478 846 
3 115 244 817 
2 207 941 
4 13 208 577 776 
2 704 789 
7 47 64 206 590 740 809 856 
4 171 824 892 971 
2 180 997 
5 50 459 492 523 918 
2 35 877 
3 352 461 623 
7 20 92 386 422 561 626 727 
1 130 
3 614 777 797 
6 160 224 262 283 377 699 
4 8 179 544 988 
3 679 736 952 
2 82 511 
7 66 170 183 188 314 315 828 
3 184 322 466 
2 335 779 
2 193 388 
2 728 935 
8 28 107 200 269 331 604 869 912 
5 46 254 666 897 907 
3 685 706 978 
3 103 644 715 
4 98 158 238 751 
3 409 906 943 
2 658 780 
3 346 366 800 
4 32 64 71 300 
8 59 120 527 587 601 714 716 984 
6 85 284 766 778 801 908 
3 95 178 744 
3 114 306 602 
2 706 886 
2 520 806 
4 72 139 257 403 
4 397 849 864 904 
5 160 168 498 539 726 
4 292 392 714 876 
3 461 750 947 
3 236 357 896 
5 23 80 238 261 504 
8 130 218 319 565 589 709 710 891 
4 32 213 259 918 
5 126 421 559 728 808 
5 185 465 471 770 958 
0 
4 246 281 331 992 
4 225 267 653 782 
5 23 46 266 441 651 
5 220 409 469 617 942 
4 184 376 397 912 
3 563 747 958 
2 384 697 
1 914 
3 279 281 391 
3 115 126 527 
5 643 742 788 925 948 
4 308 312 840 953 
5 181 274 642 706 856 
3 11 14 438 
7 60 145 171 266 349 515 703 
4 410 424 578 924 
2 94 449 
3 523 550 620 
7 112 128 147 392 523 746 891 
3 729 868 945 
5 519 533 713 778 934 
4 165 301 759 760 
2 675 888 
4 235 580 674 770 
4 273 475 800 962 
6 126 200 293 375 615 788 
6 15 62 503 671 785 897 
5 98 738 789 845 934 
4 452 586 589 746 
5 76 109 373 374 425 
6 30 231 318 397 667 948 
5 70 88 135 834 878 
2 45 392 
4 664 681 719 996 
4 49 312 663 988 
0 
5 301 447 458 716 792 
3 181 484 990 
6 206 247 556 607 871 998 
3 693 736 778 
3 216 674 966 
4 84 172 274 877 
4 222 308 820 832 
3 350 694 880 
5 171 231 457 576 616 
3 24 429 955 
2 231 556 
5 239 331 333 517 979 
4 24 73 915 996 
3 433 557 989 
3 206 312 546 
1 875 
4 130 142 680 841 
3 503 684 967 
4 149 261 404 429 
7 52 284 300 538 561 967 973 
6 18 72 319 488 647 992 
2 132 249 
4 22 453 585 605 
2 127 554 
2 92 462 
3 110 322 536 
5 444 655 754 838 987 
4 2 580 595 715 
2 715 880 
7 85 143 450 616 627 653 825 
6 1 24 30 153 247 999 
4 200 341 457 574 
10 178 189 241 457 636 761 795 866 900 917 
7 41 193 393 497 500 636 865 
7 181 347 361 449 520 527 997 
6 65 354 366 795 852 896 
6 122 181 661 729 978 999 
8 163 233 407 455 623 632 735 740 
6 16 21 180 617 704 705 
4 324 378 623 677 
2 4 246 
4 364 815 886 990 
5 168 510 585 674 755 
5 57 236 850 914 932 
2 420 897 
4 198 227 558 838 
7 246 287 355 367 377 811 982 
2 317 402 
3 233 493 978 
4 31 169 544 631 
4 427 498 602 796 
2 613 638 
4 392 570 660 713 
3 91 404 742 
2 89 987 
2 76 851 
4 80 195 220 924 
3 433 572 959 
4 584 714 737 900 
5 301 510 526 607 680 
2 197 735 
6 196 364 481 668 921 947 
3 121 799 891 
6 596 714 840 851 957 975 
4 107 253 348 422 
4 111 651 730 850 
4 387 533 792 948 
3 485 489 625 
6 66 92 133 497 921 991 
2 659 669 
6 43 47 381 568 646 938 
2 456 561 
5 503 584 587 836 986 
4 221 234 343 633 
6 168 470 558 618 952 969 
4 1 270 442 859 
1 211 
2 37 703 
2 8 719 
4 353 512 533 808 
4 470 859 890 993 
2 541 760 
5 408 445 470 662 837 
2 662 758 
6 50 180 240 508 530 709 
3 68 906 911 
3 171 211 977 
1 224 
1 208 
3 120 624 861 
6 31 67 122 138 429 874 
2 481 524 
3 24 345 850 
3 448 639 664 
3 46 238 504 
1 453 
5 266 516 823 957 973 
4 330 538 779 970 
3 246 328 405 
2 594 851 
3 25 263 604 
6 308 624 661 680 784 805 
4 6 68 611 774 
5 577 579 620 927 955 
2 398 474 
4 34 569 642 894 
7 56 244 274 796 820 838 963 
3 13 582 778 
6 83 446 487 497 667 863 
1 968 
1 424 
4 366 581 651 666 
5 150 375 595 668 790 
2 789 874 
2 246 517 
5 221 562 677 743 973 
6 56 178 244 368 501 826 
5 12 79 132 282 840 
3 709 712 814 
5 15 22 188 727 783 
4 19 150 463 604 
3 286 334 496 
3 76 739 906 
6 383 436 455 621 665 908 
4 624 848 907 960 
1 190 
2 176 832 
1 960 
4 192 303 362 778 
5 200 291 361 503 628 
8 120 138 186 200 354 391 473 589 
3 638 756 985 
3 280 333 596 
3 247 431 556 
3 133 228 723 
6 129 187 398 484 835 864 
5 303 887 892 974 999 
3 76 795 869 
5 43 553 584 718 882 
6 67 70 351 412 458 482 
3 109 393 592 
3 362 564 901 
2 480 507 
4 424 683 783 953 
6 151 420 426 475 825 839 
1 929 
4 303 421 773 865 
3 597 884 952 
4 459 499 706 821 
3 196 793 859 
1 483 
2 119 609 
6 43 221 244 266 336 878 
1 218 
2 396 476 
7 85 360 488 559 683 803 902 
5 411 466 504 579 858 
2 10 672 
3 234 552 812 
2 749 888 
4 108 401 759 843 
8 2 228 305 441 703 722 783 860 
4 55 146 212 821 
7 154 275 335 541 652 740 794 
4 557 693 904 945 
1 935 
4 15 77 837 978 
5 118 233 437 986 999 
6 113 427 573 668 933 965 
6 272 373 475 539 591 915 
3 41 74 219 
2 801 965 
3 85 155 630 
6 280 513 720 742 769 862 
4 393 732 740 776 
4 115 446 712 984 
1 394 
2 103 105 
4 181 213 401 860 
5 34 72 214 596 653 
3 63 317 881 
3 561 833 946 
6 253 516 752 757 826 993 
5 422 487 522 838 855 
3 367 584 766 
3 12 468 850 
3 111 134 785 
9 51 101 144 241 283 630 812 922 971 
6 152 588 710 823 936 991 
3 241 709 885 
3 110 114 994 
4 96 477 660 961 
6 481 546 558 614 814 979 
1 370 
4 122 206 679 965 
1 305 
1 520 
3 527 767 790 
2 543 692 
2 357 632 
5 21 75 470 600 682 
5 160 373 391 672 829 
4 294 525 536 566 
6 65 241 542 684 705 894 
3 199 492 857 
3 101 330 815 
2 309 409 
7 293 303 416 440 447 582 824 
3 579 866 887 
5 313 435 438 627 718 
2 813 885 
4 15 341 663 836 
0 
8 11 92 115 194 219 271 488 757 
5 203 496 636 659 739 
7 9 106 129 478 597 813 900 
3 224 367 933 
4 465 536 782 880 
4 315 354 373 934 
5 107 498 634 712 989 
5 123 545 615 667 721 
5 29 138 247 956 985 
2 327 944 
9 75 174 288 383 439 709 735 892 938 
3 12 181 818 
2 832 972 
1 287 
2 630 841 
2 143 965 
4 619 762 799 940 
4 355 615 801 973 
5 106 368 384 624 800 
3 233 303 931 
2 396 948 
7 169 248 403 434 454 466 762 
5 105 199 219 614 645 
2 450 545 
4 449 546 648 720 
7 115 238 434 436 439 689 846 
2 101 178 
3 409 492 709 
6 426 459 497 535 599 637 
1 282 
2 588 932 
4 90 738 745 993 
3 134 364 864 
3 277 353 457 
7 282 351 517 581 656 733 983 
2 148 651 
1 468 
1 780 
0 
3 258 822 987 
3 151 357 428 
4 52 109 909 946 
5 16 77 322 720 920 
5 9 219 243 845 893 
5 478 498 661 668 895 
3 238 613 842 
3 116 453 865 
1 157 
3 463 747 900 
1 478 
1 906 
4 42 564 580 593 
7 222 292 363 448 644 975 978 
2 159 619 
3 204 323 899 
5 251 318 492 660 841 
5 44 540 858 931 970 
5 128 288 346 633 738 
4 651 671 743 910 
1 446 
1 477 
3 216 270 375 
4 369 607 751 824 
4 106 230 652 820 
5 135 301 341 972 975 
4 564 686 780 965 
4 23 431 543 898 
3 576 740 773 
5 8 188 540 639 646 
2 734 979 
2 801 804 
2 219 868 
5 56 105 413 552 665 
4 6 317 579 783 
3 44 431 515 
8 131 554 579 845 848 871 905 955 
2 395 681 
4 96 415 694 696 
5 59 178 224 414 786 
2 203 751 
4 269 774 946 988 
5 136 253 431 597 864 
7 121 160 317 354 509 902 954 
6 293 322 696 773 792 907 
1 813 
6 115 445 541 740 942 954 
2 253 310 
4 423 439 468 763 
7 393 429 616 713 725 843 942 
4 545 688 869 959 
3 190 216 516 
6 77 107 144 341 469 505 
3 327 368 723 
2 395 924 
5 239 277 476 623 852 
4 27 808 898 996 
5 215 256 266 749 844 
3 703 731 929 
5 262 271 606 675 970 
4 172 524 690 896 
5 111 185 581 678 718 
7 315 316 360 414 450 745 865 
3 3 641 697 
4 378 757 859 921 
1 867 
2 16 159 
3 674 689 985 
7 78 213 226 428 505 598 711 
3 19 78 679 
5 105 707 713 813 844 
